208,13,2
cloud_3x2
(8,2,0)
hill_5x3
(0,9,0)
bushes_5x1
(11,11,0)
floor_1x1
(0,12,1)(1,12,1)(2,12,1)(3,12,1)(4,12,1)(5,12,1)(6,12,1)(7,12,1)(8,12,1)(9,12,1)(10,12,1)(11,12,1)(12,12,1)(13,12,1)(14,12,1)(15,12,1)
cloud_3x2
(19,1,0)
cloud_5x2
(27,2,0)
secretbox_1x1
(22,4,1)(16,8,1)(21,8,1)(23,8,1)
brick_1x1
(20,8,1)(22,8,1)(24,8,1)
hill_3x2
(16,10,0)
bushes_3x1
(23,11,0)
tube_2x2
(28,10,1)
floor_1x1
(16,12,1)(17,12,1)(18,12,1)(19,12,1)(20,12,1)(21,12,1)(22,12,1)(23,12,1)(24,12,1)(25,12,1)(26,12,1)(27,12,1)(28,12,1)(29,12,1)(30,12,1)(31,12,1)
cloud_4x2
(36,1,0)
tube_2x3
(38,9,1)
bushes_4x1
(41,11,0)
tube_2x4
(46,8,1)
floor_1x1
(32,12,1)(33,12,1)(34,12,1)(35,12,1)(36,12,1)(37,12,1)(38,12,1)(39,12,1)(40,12,1)(41,12,1)(42,12,1)(43,12,1)(44,12,1)(45,12,1)(46,12,1)(47,12,1)
cloud_3x2
(56,2,0)
hill_5x3
(48,9,0)
tube_2x4
(57,8,1)
bushes_5x1
(59,11,0)
floor_1x1
(48,12,1)(49,12,1)(50,12,1)(51,12,1)(52,12,1)(53,12,1)(54,12,1)(55,12,1)(56,12,1)(57,12,1)(58,12,1)(59,12,1)(60,12,1)(61,12,1)(62,12,1)(63,12,1)
cloud_3x2
(67,1,0)
cloud_5x2
(75,2,0)
brick_1x1
(77,8,1)(79,8,1)
secretbox_1x1
(78,8,1)
hill_3x2
(64,10,0)
bushes_3x1
(71,11,0)
floor_1x1
(64,12,1)(65,12,1)(66,12,1)(67,12,1)(68,12,1)(71,12,1)(72,12,1)(73,12,1)(74,12,1)(75,12,1)(76,12,1)(77,12,1)(78,12,1)(79,12,1)
cloud_4x2
(84,1,0)
brick_1x1
(80,4,1)(81,4,1)(82,4,1)(83,4,1)(84,4,1)(85,4,1)(86,4,1)(87,4,1)(91,4,1)(92,4,1)(93,4,1)
secretbox_1x1
(94,4,1)
brick_secretbox_1x1
(94,8,1)
bushes_4x1
(89,11,0)
floor_1x1
(80,12,1)(81,12,1)(82,12,1)(83,12,1)(84,12,1)(85,12,1)(89,12,1)(90,12,1)(91,12,1)(92,12,1)(93,12,1)(94,12,1)(95,12,1)
cloud_3x2
(104,2,0)
secretbox_1x1
(109,4,1)(106,8,1)(109,8,1)
brick_1x1
(100,8,1)(101,8,1)
hill_5x3
(96,9,0)
bushes_5x1
(107,11,0)
floor_1x1
(96,12,1)(97,12,1)(98,12,1)(99,12,1)(100,12,1)(101,12,1)(102,12,1)(103,12,1)(104,12,1)(105,12,1)(106,12,1)(107,12,1)(108,12,1)(109,12,1)(110,12,1)(111,12,1)
cloud_3x2
(115,1,0)
cloud_5x2
(123,2,0)
brick_1x1
(121,4,1)(122,4,1)(123,4,1)(118,8,1)
secretbox_1x1
(112,8,1)
hill_3x2
(112,10,0)
bushes_3x1
(119,11,0)
floor_1x1
(112,12,1)(113,12,1)(114,12,1)(115,12,1)(116,12,1)(117,12,1)(118,12,1)(119,12,1)(120,12,1)(121,12,1)(122,12,1)(123,12,1)(124,12,1)(125,12,1)(126,12,1)(127,12,1)
cloud_4x2
(132,1,0)
brick_1x1
(128,4,1)(131,4,1)(129,8,1)(130,8,1)
secretbox_1x1
(129,4,1)(130,4,1)
bushes_4x1
(137,11,0)
block_1x1
(137,8,1)(140,8,1)(136,9,1)(137,9,1)(140,9,1)(141,9,1)(135,10,1)(136,10,1)(137,10,1)(140,10,1)(141,10,1)(142,10,1)(134,11,1)(135,11,1)(136,11,1)(137,11,1)(140,11,1)(141,11,1)(142,11,1)(143,11,1)
floor_1x1
(128,12,1)(129,12,1)(130,12,1)(131,12,1)(132,12,1)(133,12,1)(134,12,1)(135,12,1)(136,12,1)(137,12,1)(138,12,1)(139,12,1)(140,12,1)(141,12,1)(142,12,1)(143,12,1)
cloud_3x2
(152,2,0)
hill_5x3
(144,9,0)
bushes_3x1
(157,11,0)
block_1x1
(151,8,1)(152,8,1)(155,8,1)(150,9,1)(151,9,1)(152,9,1)(155,9,1)(156,9,1)(149,10,1)(150,10,1)(151,10,1)(152,10,1)(155,10,1)(156,10,1)(157,10,1)(148,11,1)(149,11,1)(150,11,1)(151,11,1)(152,11,1)(155,11,1)(156,11,1)(157,11,1)(158,11,1)
floor_1x1
(144,12,1)(145,12,1)(146,12,1)(147,12,1)(148,12,1)(149,12,1)(150,12,1)(151,12,1)(152,12,1)(155,12,1)(156,12,1)(157,12,1)(158,12,1)(159,12,1)
cloud_3x2
(163,1,0)
cloud_5x2
(171,2,0)
brick_1x1
(168,8,1)(169,8,1)(171,8,1)
secretbox_1x1
(170,8,1)
hill_3x2
(160,10,0)
tube_2x2
(163,10,1)
bushes_3x1
(167,11,0)
floor_1x1
(160,12,1)(161,12,1)(162,12,1)(163,12,1)(164,12,1)(165,12,1)(166,12,1)(167,12,1)(168,12,1)(169,12,1)(170,12,1)(171,12,1)(172,12,1)(173,12,1)(174,12,1)(175,12,1)
cloud_4x2
(180,1,0)
block_1x1
(188,4,1)(189,4,1)(187,5,1)(188,5,1)(189,5,1)(186,6,1)(187,6,1)(188,6,1)(189,6,1)(185,7,1)(186,7,1)(187,7,1)(188,7,1)(189,7,1)(184,8,1)(185,8,1)(186,8,1)(187,8,1)(188,8,1)(189,8,1)(183,9,1)(184,9,1)(185,9,1)(186,9,1)(187,9,1)(188,9,1)(189,9,1)(182,10,1)(183,10,1)(184,10,1)(185,10,1)(186,10,1)(187,10,1)(188,10,1)(189,10,1)(181,11,1)(182,11,1)(183,11,1)(184,11,1)(185,11,1)(186,11,1)(187,11,1)(188,11,1)(189,11,1)
tube_2x2
(179,10,1)
floor_1x1
(176,12,1)(177,12,1)(178,12,1)(179,12,1)(180,12,1)(181,12,1)(182,12,1)(183,12,1)(184,12,1)(185,12,1)(186,12,1)(187,12,1)(188,12,1)(189,12,1)(190,12,1)(191,12,1)
cloud_3x2
(200,2,0)
greenball_1x1
(198,1,1)
flagpole_1x9
(198,2,1)
flag_2x1
(197,2,1)
hill_5x3
(192,9,0)
block_1x1
(198,11,1)
bushes_3x1
(205,11,0)
castle_5x5
(202,7,1)
floor_1x1
(192,12,1)(193,12,1)(194,12,1)(195,12,1)(196,12,1)(197,12,1)(198,12,1)(199,12,1)(200,12,1)(201,12,1)(202,12,1)(203,12,1)(204,12,1)(205,12,1)(206,12,1)(207,12,1)